<12352>
239
1
255
255
255
255
2
1
2
3
1
94
22
0
0
255
254
254
14
240
2
224
0
192
128
192
0
192
0
128
0
0
0
0
0
128
0
0
0
0
0
0
0
0
0
0
0
0
0
0
0
0
0
0
0
0
0
0
0
0
0
0
128
0
20
48
178
190
94
187
61
63
126
<12177>
239
1
255
255
255
255
2
1
2
3
1
89
21
0
0
249
254
240
30
240
30
240
30
192
30
128
6
128
2
128
128
128
0
128
0
128
0
0
0
0
0
128
2
128
6
128
14
128
62
0
0
0
0
0
0
0
0
0
0
0
0
0
128
0
30
88
168
54
158
8
185
66
158
<12810>
239
1
255
255
255
255
2
1
2
3
1
81
32
0
0
255
14
254
6
248
6
240
2
224
2
224
0
192
0
192
0
192
0
128
0
128
0
128
0
128
0
128
0
128
0
192
0
224
0
0
0
0
0
0
0
0
0
0
0
0
0
0
0
6
83
222
108
150
61
158
87
30
74
239
1
255
255
255
255
2
1
2
3
1
80
36
0
0
255
254
252
6
248
2
240
0
224
0
224
0
192
0
192
0
128
0
128
0
128
0
128
0
0
0
0
0
0
0
0
0
128
0
0
0
0
0
0
0
0
0
0
0
0
0
0
0
15
97
158
41
26
71
158
80
185
49
239
1
255
255
255
255
2
1
2
3
1
92
21
0
0
255
254
255
254
255
254
255
254
255
254
255
6
255
2
254
0
252
0
252
0
252
0
248
0
240
0
240
0
240
0
240
0
240
0
0
0
0
0
0
0
0
0
0
0
0
0
0
128
0
0
96
30
94
169
81
83
67
54
<12510>
239
1
255
255
255
255
2
1
2
3
1
70
38
0
0
255
14
255
6
254
2
254
2
252
2
248
0
248
0
240
0
240
0
240
0
240
0
240
0
224
0
224
0
224
0
224
0
240
0
0
0
0
0
0
0
0
0
0
0
0
0
0
128
76
158
151
34
51
67
139
200
55
46
239
1
255
255
255
255
2
1
2
3
1
89
39
0
0
128
126
0
62
0
62
0
62
0
62
0
30
0
30
0
30
0
30
0
14
0
14
0
14
0
6
0
6
0
6
0
6
0
14
0
0
0
0
0
0
0
0
128
0
0
0
0
128
0
107
155
154
46
94
171
160
70
254