239
1
255
255
255
255
2
1
2
3
1
81
32
0
0
255
14
254
6
248
6
240
2
224
2
224
0
192
0
192
0
192
0
128
0
128
0
128
0
128
0
128
0
128
0
192
0
224
0
0
0
0
0
0
0
0
0
0
0
0
0
0
0
6
83
222
108
150
61
158
87
30
74
239
1
255
255
255
255
2
1
2
3
1
80
36
0
0
255
254
252
6
248
2
240
0
224
0
224
0
192
0
192
0
128
0
128
0
128
0
128
0
0
0
0
0
0
0
0
0
128
0
0
0
0
0
0
0
0
0
0
0
0
0
0
0
15
97
158
41
26
71
158
80
185
49
239
1
255
255
255
255
2
1
2
3
1
92
21
0
0
255
254
255
254
255
254
255
254
255
254
255
6
255
2
254
0
252
0
252
0
252
0
248
0
240
0
240
0
240
0
240
0
240
0
0
0
0
0
0
0
0
0
0
0
0
0
0
128
0
0
96
30
94
169
81
83
67
54
